kmeans
Frequency (kHz)     PowerInState (J/s)  TimeInState (s)     
2000000             15.996252           0.840000            
1500000             13.497814           0.000000            
1200000             11.998751           0.000000            
1000000             10.999375           0.010000            
800000              10.000000           12.970000           
0                   0.000000            0.000000            
0                   0.000000            0.000000            
0                   0.000000            0.000000            
0                   0.000000            0.000000            
Threads: 2	Elapsed time: 0.430982 Energy: 143.246841	Commits: 262149	Aborts: 110351	Throughput: 608259.582388
Frequency (kHz)     PowerInState (J/s)  TimeInState (s)     
2000000             15.996252           0.830000            
1500000             13.497814           0.000000            
1200000             11.998751           0.000000            
1000000             10.999375           0.010000            
800000              10.000000           12.820000           
0                   0.000000            0.000000            
0                   0.000000            0.000000            
0                   0.000000            0.000000            
0                   0.000000            0.000000            
Threads: 2	Elapsed time: 0.426061 Energy: 141.586884	Commits: 262149	Aborts: 112428	Throughput: 615284.913681
