# Dimensions (x, y, z)
d  1024 1024 10

# Paths: Sources (x, y, z) -> Destinations (x, y, z)
p   864 776 4   265 523 4
p   802 310 4   597 929 5
p   288 773 6   256 931 9
p   829 923 3   747 920 6
p   483 103 4   625 934 9
p   488 886 2   824 561 0
p   736 408 8   684   1 4
p   888 249 3   891 195 5
p   244 990 8   458  82 3
p   520 955 1   564 723 5
p   834 553 9   617 601 4
p   610 394 5   297 193 1
p   627 672 4    91 775 8
p   945 862 8   945 553 3
p   722 282 8   869 916 5
p   972 593 4   676 1020 9
p   812  84 6   498 645 8
p   248 749 1   225 813 3
p   835 103 1   714  46 5
p   931 547 6    27 650 6
p   589 400 3   1004  37 0
p   984 189 1   215 819 9
p    23 435 1   266 226 6
p   358 184 5    40 103 9
p   204 367 7   858 940 1
p   688 989 0   692 865 3
p   256 611 4   179 482 4
p   582 520 3   365 857 2
p   574  12 7   343  46 2
p   245 976 3   294 367 9
p   648 635 7   397 424 6
p     1 196 3   245 652 3
p   896 581 4   411 718 4
p   678  47 4   265 161 5
p   498 574 7   905 506 3
p   478 828 8   831 192 9
p   648  85 7   1010 411 6
p   323 218 7     2 842 5
p   100 121 6   894 286 9
p   102 874 3    83 281 4
p   811 882 1   533 666 3
p   892 285 0    41 697 5
p   969 960 9    43 767 7
p   671 729 9   655 381 5
p   212 601 0   154 341 7
p   735 346 6    42 167 9
p   296 404 5   300 489 2
p    49 183 5    72 412 3
p   424 101 9   485 861 9
p   351 490 6   436 309 7
p   915 941 6   384 997 6
p    67  86 7    62   8 3
p   531 459 4   598 695 4
p   377 1012 2   795 441 3
p    65 884 7   924 462 6
p   121 407 2    43 970 2
p   149 202 3   559 154 9
p   1006 151 4   696 898 4
p   939 330 4   510 686 2
p   624 224 3   985 920 8
p    36 151 2   802 862 5
p   735 826 0    86 889 0
p   230  41 0   864 338 1
p   152 671 9   517 922 5
p   587 694 8   776 1014 7
p   927 211 5   612 845 4
p   810 397 5   871 817 6
p     0 186 5   260  67 8
p   965 310 4   829  63 6
p   130 293 8    56  36 4
p   503 884 7   689 155 9
p   421 626 3    48 482 1
p    33 632 6   107 562 3
p   392 795 4   902 624 4
p   647 345 1   698 636 7
p   130 933 7   938 893 6
p   829 531 7   193 800 4
p   774 466 7    77  45 9
p   497 922 9   682 585 2
p    95 839 8   798 715 4
p   312 116 4   579 945 9
p   425 101 7   751  31 4
p   702  30 9   985 739 0
p    72 367 0   356  10 9
p   838  72 8   212 209 6
p   960 126 0   377  25 6
p   879 191 1   352 982 1
p   989 370 4   299 959 9
p   651 188 9   105 594 1
p   919 968 8   323 248 7
p   298 429 0   135  21 0
p    74 430 5   758 145 4
p   652  86 4   378 971 0
p   418 427 7   328 208 2
p   482 973 7   283 571 6
p   814 456 3   786 442 2
p   464 959 1   473 652 4
p   208   1 6   633   7 2
p   787 644 5   159 723 4
p   694 778 2   780 286 9
p   123 904 0   262 538 5
p   405 104 2   290 773 9
p   609  36 7   312 348 5
p   255 942 1   424 296 5
p   587 642 5   420 649 4
p   797 807 2   380 643 1
p   713 390 5   142 684 3
p   484 425 4   711 325 6
p    61 307 7    53 636 0
p   482 909 0   539  68 8
p   702 759 6     6  42 6
p   1023 894 6   744 232 7
p   294 107 4   338 172 4
p   918 445 4   725 536 1
p   932 454 7   398 826 3
p   225 200 9   600  50 3
p   239  86 1    58 653 1
p   625 627 7   524 291 8
p   361 469 6   528 979 9
p   952 956 5   501 721 2
p   272  44 1     3 670 1
p   805 696 9   406 943 4
p   347 104 8   813 330 4
p   332  29 0   377 214 5
p   192 206 6   753 319 8
p   260 352 7    45 956 0
p   471 741 0   828 1002 4
p   120  83 0   783 423 9
p   451  78 4   772 849 0
p   184 501 1   891 956 3
p   445 570 2   554 206 2
p   452 619 5   267 237 1
p   802 101 7   254 291 7
p   675 759 5   879 124 6
p   121 754 3   691 720 6
p   226 851 2   530 690 2
p   643 293 1   829 566 3
p   599  25 1   405 999 5
p    78 783 7   793 583 6
p   218 750 8   778 361 5
p   644 922 1   853 539 3
p   466  12 2   668 676 4
p   976 492 3   868 265 6
p   720 841 7   393  60 0
p   743 984 3   451 743 6
p   266 687 3   364 552 7
p   154  22 6    25  46 2
p   669  68 0   995 432 8
p   221 445 3   181 336 9
p   765 391 4   270 544 7
p   703 473 0   943 418 3
p     3 141 8   526 750 1
p   337 860 8   252  22 8
p   172 806 6   172  80 9
p   612 635 4   153 616 2
p   825 750 0   954  37 0
p   299 154 2   364 753 4
p   276 504 3   318 922 5
p   1000 791 5   268 703 4
p   738 413 4    21 757 0
p   697 595 7   296 702 2
p   541 348 9   995 213 5
p   337 991 9   600 737 6
p   361 938 8   338 765 0
p   835 578 9   371 640 3
p   801 615 9     1 144 0
p   128 951 9   491 969 8
p   797 765 1   562 434 9
p   178 173 6   161 112 5
p   815 619 7   272 291 4
p   1014 735 9   550 567 9
p   194 801 7   865 768 1
p   676 945 5   369 972 5
p   421 628 8   233  16 5
p   963 696 6   642 508 7
p   255 913 2   967 948 0
p   458 761 4   521 826 7
p   980 168 9   950 649 9
p   258 902 7   624  92 0
p    11 256 7   395 794 6
p   398 901 0   476 849 1
p   727 335 0   485 534 0
p   579 355 0   195 113 5
p    44 950 8   967 322 9
p   1007 783 2   686 609 4
p   313  61 1   137 492 6
p   782  47 8    44 568 7
p   646 972 3   599  84 5
p   832 206 2   717 259 2
p   957 1022 1   921 565 0
p   599 656 0   775 837 0
p   663 467 2   469 163 3
p   670 487 5   556 840 3
p   832  81 4   360 462 8
p   524 1010 8   121 324 0
p   751  19 8   197 423 0
p   318 398 0   785 728 3
p   855  79 0   363 923 7
p   688 576 8   422  31 8
p   195 396 3   126 359 1
p   630 669 0   467 567 8
p   507  82 0   882 809 8
p   268 663 0   846 341 9
p   482  33 9   640 293 0
p   385 160 5   150 178 9
p   655 248 8   639 968 4
p   909 694 0   246 288 1
p   243 231 8   474 897 1
p   578  13 9     5 399 8
p   1023  19 8   522  39 7
p   114 626 7   689 388 0
p   446 935 3   253 141 5
p   546  74 4   674 989 4
p   446 482 2   404 660 3
p   595 855 9   906 380 0
p   626 485 2    41 329 7
p   987 109 8    49 730 0
p   431 891 3   946 730 6
p   165 348 4   604 1019 2
p   515 955 3   643 784 6
p   771 200 9   181 597 2
p   649 298 4   698 275 7
p   355 135 6   169 440 3
p    77 727 6   796 557 5
p   173 212 2   537 838 3
p   903 753 7   343 121 9
p   875 418 8   920 350 5
p   339 711 9   1008 761 3
p   901 1016 3   971 523 9
p   1019 832 6   157   5 5
p   721 957 5   713 662 2
p   659 1005 1   705 629 3
p   812  10 8   836 492 1
p   463 598 2   498 794 9
p   575 847 0   876 942 1
p   847 869 8   529 622 2
p   725 414 0   137 397 8
p   578 938 9    88 602 3
p   518 466 4   104 853 4
p   660 484 1   553 163 8
p   851 147 0    70 402 9
p   569 271 2   113 144 8
p   141 884 8   140 572 0
p   882 571 7   502 706 9
p   572 895 3    99   5 2
p   858 318 2   507 969 5
p   349  79 5   231 376 3
p   776 237 9   760 492 8
p   367 393 1   797 410 5
p   482 671 3   937 442 3
p   410 784 9   887 491 2
p   456 352 2   191 978 4
p   112 393 3   525 1003 9
p   579 632 6   514 498 3
p   700  94 3   912 232 9
p   1007 589 0    95 205 3
p   115 816 3   239  44 3
p     4 119 6   957 204 7
p   202   1 8   866  68 1
p   239 950 3   826 446 3
p   783 630 2   596 720 8
p   693 656 5    94 967 7
p   279 708 6   674 388 5
p   675 206 5   123 108 9
p   127 914 4   465 347 4
p   386 578 3   841 239 2
p   492 957 0   740   6 4
p   782 456 4   259 486 2
p   290 668 5   951 992 5
p    89 307 5   689 968 1
p    37 890 8   784 479 6
p   421 196 3   805 821 9
p   908 698 5   741 187 9
p   729 608 4   648 632 8
p   584 218 4   248 926 8
p   569 201 0   137 453 6
p   229 700 8   775 435 6
p   1012 906 3   701 167 5
p   365 448 4   679 866 4
p   150 772 7   976 403 4
p   553 913 7    21 212 8
p   599 894 4   215   4 9
p   139 658 4   389 550 0
p   993 504 0   429 775 3
p   762 785 2   991  28 8
p   524 157 2   607 285 8
p   224 393 5   347 843 2
p    91 158 6   577  64 9
p   490 327 7    24 444 6
p   985 779 8   121 440 0
p   278 393 3   382 822 1
p   844 554 3   565 165 4
p    22 883 3   352 1019 6
p   427 809 0   584 533 8
p   600 496 5   800 355 5
p   724 1019 6   984 408 6
p   763 356 2   996 356 9
p   872 221 8   1007 283 6
p   788  85 8   315 723 9
p    35 626 2   117 728 9
p   525 354 4   424 544 4
p    82 1002 9   178 246 4
p   715  32 8   653 275 8
p   677 324 5   1002  49 7
p   869 708 1   611 804 4
p   596 259 3   827 501 4
p   125 383 5   236 827 3
p   244 315 8   925 983 0
p   771 538 1   252 288 4
p   482 959 0   726 874 3
p   255 226 3   148 564 2
p    27 238 8   427 904 9
p   249 573 8   595 172 2
p   1011 306 8   814 759 7
p   808 867 0   171 517 2
p   546 505 1    88  11 8
p    83 984 9   763 461 2
p   422 353 3   743 913 1
p   248 214 0   874 523 0
p   456 461 7   779 137 6
p   521  13 1   682 375 9
p   513 704 1   490 751 8
p   204 406 4   450 486 2
p   828 934 3   653 389 5
p   712 513 6   775 863 1
p   221 526 5   827 529 9
p   796 518 8   487 349 4
p   467 666 0   747 991 4
p    70 206 1   262 812 0
p   894 962 1   177 988 3
p   831   9 9    16 622 9
p   851 317 8   402 511 3
p   363 596 7   716 786 0
p   544 361 2   942 201 1
p   183 673 6   517 600 9
p   881 927 0   918  32 6
p   953 514 4   339 938 9
p   633 731 3   141 1002 6
p   280 1000 6   338 917 0
p   823 163 1   265 731 6
p   431 162 9   784 702 8
p   792 115 7   858 764 4
p   702 102 7   268 803 6
p   521 548 0    41  15 7
p   141 125 3   1001 907 3
p   839  87 3   593 1009 0
p   422 941 0   613 408 5
p   720 416 8   978 1008 0
p   856 899 1   964 130 2
p   978 850 5   294 258 4
p     9 651 0   792  71 0
p   291 791 8   519 960 1
p   340 758 3   148 592 0
p   381 259 3   496 548 0
p   323 392 4   491 436 0
p   224 659 8   523 151 0
p   159 393 5   680 536 5
p   360 681 7   411 834 7
p   926 477 3   795  38 3
p   1000 350 5   255  78 1
p   445 633 5   531 114 0
p   367 965 1   275 494 9
p   969   1 6   241 670 7
p   908 699 8   803 164 0
p   756 538 9   168 394 2
p   899 495 9   724 1022 5
p   999 177 4   592 1001 5
p   886 643 5   400 377 2
p   216 985 5   886 906 9
p   243 345 6   329 147 7
p   563 549 7   117 944 4
p   708 614 6   726  90 4
p   215 399 5   362 416 7
p    44 979 6   167 570 0
p   513 705 4   321 689 9
p   894 394 8   117  60 9
p   781 629 5   316 920 8
p   493 225 6   743 1019 7
p    93 1013 8   596 338 7
p   610  98 5    20 807 8
p   747  93 5   400 131 8
p   964 944 5   885 202 2
p   930 604 2   133 233 4
p   310 752 2    80 919 6
p   997 186 8    17 550 4
p   129 834 2   919 716 8
p   887 810 7     4 146 2
p   591   3 1   496  42 3
p   225 178 3   902 236 6
p   751 691 1   358 278 5
p   992 223 5    67 384 9
p   930  97 8   732 939 4
p   432 917 5   779 181 0
p   451 334 5   352 883 7
p   393 128 7   554 155 0
p   631 528 5   425 479 3
p    89 548 1   689 767 1
p   206 246 5   416 908 5
p   538 223 0   946 102 1
p   199 590 6   441 404 6
p   268 819 6   617  29 3
p   787 210 6   998 451 5
p   217   7 2   483 618 8
p   296 336 7   680 731 8
p    90 127 4   627 669 2
p   139 943 2    18 289 5
p   648 756 1   520 327 7
p   368 830 1   1018 533 4
p   743 387 0   451 294 6
p   539 850 4   159 152 5
p   271 216 9   142 938 5
p   959 859 2   481  87 3
p   948 103 2    43 881 6
p   603 476 2   599 719 7
p   166 640 6   595 745 5
p   977 665 6    13 146 6
p   785 147 6   158 781 8
p   635  69 2   276 479 7
p   592 1015 7   144 1002 0
p   340 652 3    22 303 2
p   794 606 1   893 218 3
p   895 783 4   531 1002 7
p   732 671 9   946 305 4
p   650 242 6   924 313 3
p   460 395 6    53 795 2
p   636 434 6   582 529 1
p     7 109 3   263 496 4
p   527 135 4   973 176 0
p   347 725 8   111  31 3
p   636 942 3   798 130 6
p   255 779 9   452 703 3
p   869 419 5   1010 571 4
p    98 972 5   717 670 2
p   652  98 0   861 615 3
p   539 571 6     0 147 0
p   771 463 1   383 685 4
p   558 960 4   105 109 7
p   319 117 7   910 104 6
p   758 251 8   700 455 1
p   264 849 1   721 584 5
p    16 125 3   645 390 2
p   393 474 5   573 376 4
p   825 603 9   616 290 5
p   484 873 7   901 735 2
p   279 167 8   921 331 0
p   485 807 7   691  21 1
p   746 838 1   835 974 6
p   564  33 4   478 976 4
p    12 580 0   1015 675 7
p   710 963 4   285  80 0
p   488 761 7     2 631 8
p   887 788 4   720 718 0
p    39 354 6   390 660 7
p   789 289 9   567 642 6
p   689 157 6   441 991 7
p   997 1014 8   600 615 4
p   378 428 9   661 174 0
p   449 451 0   232 339 3
p   639 159 8   509  70 0
p   965  32 6   183 669 9
p   940 447 4   296 450 9
p    38 490 8   109 119 8
p   289 817 3    33 839 3
p   472  61 6   848 225 9
p   648 561 2   897 434 0
p   947 377 2    59  33 0
p   895 888 4    83 142 9
p   574 814 0    66 795 1
p   840 956 4   117 734 4
p   513 909 5   141 381 8
p   523  82 5    35 900 2
p   746 1018 8   541 331 6
p   559 930 2   710 156 4
p   796 373 2   361 382 0
p   146 758 6   668 140 1
p   501 495 1   989 836 8
p   176 672 8   331 1008 0
p   812 148 2   194 118 6
p   248 818 7   980 793 9
p   570  32 3   403 989 4
p   276 818 9    47 1004 7
p   1019 664 0   694 232 9
p   954 881 7   259 948 8
p   649 175 1   580 607 4
p   833 694 2    30 621 3
p   911 239 5   202 989 6
p   771 912 4   559 460 6
p   342 841 3   789  17 3
p   491 922 7   751 651 9
p   742 646 9   782  15 8
p   192 766 4   401 157 4
p   1023 847 7   658 219 0
p   955 930 0   932 766 0
p   157 180 2   924 431 5
p   434 475 2   322 258 2
p   622  23 9   526 514 4
p   748 779 7   988 424 0
p   817 729 0   504 829 9
p   358 483 4   761 720 4
p   189 601 0   364 315 0
p    99 807 4   131 956 3
p   450 711 1   801 865 4
p   726 740 9   793 369 5
p   403 547 8    98 915 5
p   148 956 1    27 482 5
p    51 643 5   576  82 3
p   133 479 3   337 902 6
p   112 673 9   374 789 6
p   486 414 2   427 273 4
p   685 908 1   829 780 6
p   196  73 1   329 298 8
p   351 166 9   721 822 4
p    99 600 4   325  89 3
p   278 364 7   119 387 7
p   317 876 8   193 665 6
p   173 571 4   246 730 8
p   918 108 3    91 474 6
p   723  59 1   647 854 6
p    96  83 5   222 765 3
p   845 923 5   719 782 6
p   662 413 8   181 165 7
p   216 532 9   366 753 8
p   674  92 5   816 1021 4
p    57 357 4   951  66 9
p   450 101 7   123 137 2
p   560 676 8   603 652 4
p   516 678 2   303 637 6
p   184 200 5   853 319 1
p    49 542 5   627 559 6
p   891 325 7   232 338 4
p   532 755 0   756 825 0
p   575  19 1   892  56 9
p   683 784 6   776 749 8
p   368 392 6   542 694 3
p   428 401 0   754 582 8
p   755 424 7    64 651 9
p   913 324 2   301 907 3
p   423 337 2   890 454 5
p   410 343 4   916 287 6
p   219 931 4   305 438 7
p   876 832 1   990 488 9
p   174 963 1   890 277 8
p   167 875 6   124 959 4
p   188 863 0    39 754 0
p   764  96 9   140 576 6
p   374  98 4   343 912 2
p   229 611 4   293 143 8
p    97 925 9   133 946 2
p   811 332 4   727 559 7
p   405  63 3   905 821 9
p   603 336 4   505 250 8
p    60 339 9   573 966 0
p   831 640 8   752 1023 3
p   761 864 6   810 838 2
p   290 414 0   926 830 1
p   838 337 6   500 455 6
p   929 424 0   871 974 8
p   160 431 7   884 890 9
p   657 141 4   982 135 9
p   368 605 8    95 115 4
p   926 993 6   196 812 3
p   270 604 4   531 993 0
p   894 443 8   897 754 4
p   534 610 3   730 875 3
p   977 576 2   166 743 2
p   828 969 3   387 309 2
p   1022 847 8    28 975 8
p   843 948 4    78 583 5
p   221 760 9   733 813 7
p   829 163 6   622 895 4
p   266 549 4    17  49 1
p   504 674 5   588 1015 0
p   381 558 7   904 635 6
p   915 810 5    12 422 0
p   986 846 3   102 577 3
p   740 857 5   837   8 2
p   440 476 8   179 586 5
p   663  14 0    93 402 5
p   751 666 1   886 403 8
p   175 389 6   645 531 9
p   831 610 6   425 525 6
p   857 204 4   188 201 0
p   122 775 3   312 147 5
p   425  56 3   826 774 9
p   878 509 7   804 419 3
p   573 453 6   833 941 6
p   537 221 3   229 746 5
p   156 169 0   116 634 6
p   540 808 5   262 783 3
p    45 221 4   627 798 8
p   792 769 5   197 682 6
p   274 380 2   1019 713 3
p   199 348 2   850 192 3
p   547 257 1   984 925 0
p   546  44 4   112 823 2
p   307  87 9   512 432 5
p   183 816 2   867 756 2
p   497 301 9   869 551 6
p    79 819 3   275 335 8
p   105 1010 4   642 518 0
p   784 410 4   841 319 1
p    46 706 0   607  69 1
p   403 298 1   964 969 9
p   1003 931 5   413 759 5
p   232 794 1   667 972 5
p   148 366 5   442 152 5
p   901 995 1   674  22 1
p   525 620 2   752 913 9
p   106 699 5   714 955 2
p   902  92 0   947 265 7
p   225 602 3   740 762 9
p   822 460 1   687 449 7
p   1011 342 4   351 329 2
p   361 370 3   970 384 0
p   988 594 3   812  22 8
p   121  24 1   855  51 9
p   298 201 6   248 578 7
p   683 325 6   643  21 4
p   647 390 1   934  11 8
p   170 1015 9    94 786 6
p   885 508 3   809 754 5
p   1009 787 4   948 517 8
p    51 133 2   237 143 0
p   573 604 7   629 464 4
p    14 631 6   640 984 7
p   215 625 5   688 609 7
p   469 580 9   270 678 7
p   840 587 9   986 526 4
p   105 601 3   704 733 8
p   760 828 8   1019 336 5
p   570 584 6   959  18 3
p   473 529 9   511 242 8
p   527 803 2   967 411 4
p   488 338 7   590 617 6
p   301 349 0   394 268 3
p   639 701 7   226 187 9
p   477 487 0   703 176 0
p   257 989 3    58 686 1
p   291 487 5   310 946 7
p   641  76 8   849 827 8
p   177 920 2   270   1 1
p   355 238 8    48 455 3
p   885 855 3   694 470 2
p   713 476 6   755 575 2
p   140  10 4   676 846 2
p    69 493 3   342  48 5
p   452 724 6   391  43 9
p   207 756 5    30 750 9
p   153 732 5   553 443 4
p   176 369 6   869 753 6
p   234   5 8   784 969 1
p   997 338 5    19 813 9
p   968 158 1   560 417 0
p   295 797 7   242 941 3
p   788 350 9   692 379 0
p   192 969 5   819 217 5
p   614 961 5   946 326 5
p   640  98 1   261 268 1
p   428  99 1   876 183 4
p    82 815 2   678 838 4
p   211 161 4   608 674 5
p   250   1 1   451 992 5
p   1003 861 9   296 706 4
p   891 628 4   965 861 4
p   435 412 4   317 171 8
p   124 637 1   888 233 1
p    18 926 7   321 885 5
p   224 581 0   712 277 3
p   883 638 9   232   6 8
p   623 136 2   969 591 5
p   789 922 3   844 889 9
p   491 914 8   480 735 1
p   762 405 8   353 816 2
p   510 406 9   246 862 8
p   969 709 4   964  38 9
p   759 207 2   884 106 2
p   154 214 1   355 894 5
p   163 107 9   258 293 1
p   285 967 3   423 342 5
p   537 266 1   568 570 0
p   349 434 4   325 685 8
p   122 431 6   606 893 8
p   558 909 8   153   9 3
p   373  28 8   528 999 8
p   827 408 9   730 107 5
p   216 657 4    42 921 9
p   652 212 4   711 118 2
p    92 956 7   140 241 6
p   997 220 8   445 878 0
p   534 428 7   984 104 7
p   371 902 8   1021 521 4
p   217  52 9   110 442 1
p    38 335 1   289 1016 2
p   806 807 0   400 152 3
p   133 141 7    55 488 5
p   434 253 6    99 178 2
p   459 206 6   268 490 8
p   685 617 8   413 440 3
p   134 610 4   817 623 3
p   879 283 3   890 1003 2
p   230 593 0   834 436 7
p    25 813 5    22  49 4
p   638 463 6   922 391 4
p   814  44 3    63 669 6
p   679 635 7    14 645 6
p   854 772 0   606 421 2
p   110 124 1   244 494 6
p   266 209 5   499  76 2
p   403 956 4   252 894 9
p   159 893 4   262 831 5
p   565 714 3   717 759 8
p    49 314 5   682 610 8
p   340 655 5   862 306 5
p   243 946 9   311 883 4
p   299 389 7   1007 850 8
p   310 199 2   965 167 2
p   812 887 2   535 373 8
p   599 487 6   1008 654 8
p   830 271 3   203 618 7
p   425 341 4   738  41 9
p   677 586 0    88 154 6
p   572 168 8   340 143 2
p   768 498 6   275 635 2
p    13 734 4   308 538 3
p   826 993 6    39 669 0
p   409  93 8    26 694 4
p   521 265 3   443 461 4
p   854 646 8   528 536 6
p   729 752 5   409 283 7
p    60 980 9   918 908 9
p   615 855 1   470  23 3
p   445 177 7   180 164 7
p   931 947 8   203 619 5
p    52 235 5   879 773 8
p   465 976 6   285 338 3
p   133 658 5   843  99 1
p   346 222 2   360 362 5
p   757 532 8    64 672 6
p   954 589 7   470  75 0
p   466 642 3   189 888 9
p   352 285 1   997 580 5
p   321 819 1   681 686 9
p   853 455 7   519 139 5
p   736 949 5   271 525 6
p   291 134 1   307 211 2
p    43 446 6    10 170 1
p   429 895 2   411 362 1
p    93 220 0   402 777 2
p   1012 516 7   581 581 7
p   803 210 1   188 237 0
p   237 406 6    28 629 7
p   912 671 5   305 391 6
p   822 357 6   372 633 0
p   103 674 8   317 758 7
p    69 686 4   205 209 8
p   693 415 4   164 1012 5
p    75 422 8   327 750 0
p   786 627 4   197 501 7
p    52 256 2   301 684 9
p   604 671 4   483 738 6
p   375 491 0   315 770 9
p   474 453 1   706 909 0
p   663 214 1   681 292 0
p   747 893 5   785 707 5
p   466 568 2     5 657 9
p   360 447 7    33 254 7
p   667  47 3   611 119 9
p   177 620 0   257 149 7
p   1002 913 2   656 929 6
p    62 459 3   661  63 6
p    49  57 2   884 786 2
p     9 267 9   568  81 7
p   644 867 9   867 694 8
p   635 216 5   306 253 1
p    68 292 8   520 542 1
p   980 123 9   190  50 9
p    31 278 6   586 750 3
p   770  56 0   239 847 1
p   752 965 9    93 262 0
p   780 433 2   923 605 9
p   697 113 1   120 370 7
p   939  55 4   964 818 2
p   918 141 3   209 434 5
p    74 180 6   860  90 9
p   512 793 0   365 472 5
p   985 517 9   990 915 3
p   888 320 7   713 616 9
p   813 832 4   907 746 3
p   432 244 8   382 384 3
p   572 288 8   685 811 0
p   385 212 1   345 873 3
p    64 868 7   561  47 1
p   366 425 3   785 990 4
p   175 462 1   475 419 9
p   360 124 9   720 712 3
p   208 729 2   629  96 4
p   650 563 6   235 465 0
p    77 212 6   814 612 3
p     7 711 8     9 632 3
p   420 750 4   562 709 6
p   487 549 6    13  23 4
p   724 973 5   690 943 0
p   130 488 5   311 395 8
p   544 586 9   609 473 1
p   195 517 0   521 901 3
p   858 769 8   346 624 6
p   101 174 6   738  41 4
p   491 434 7   993  32 9
p   754 391 2   601 547 9
p   997 797 8   708 804 5
p   717 447 9   937 1020 2
p   222 631 3   406 790 6
p   874 827 4   106 432 7
p   375 862 3   837 777 6
p     7 947 3    94  12 8
p   428 600 9   957 644 7
p   658 429 1   212 305 2
p   954 209 2   712 994 6
p   300 834 1   664 505 7
p   497 636 0   863 742 1
p   969 1013 6   856 1013 3
p   189 331 9   302 461 8
p   181 464 2   429 983 4
p    63 914 8   351  50 4
p   656 449 0    95 766 5
p   665 302 4   349 670 4
p   114 695 9   422  33 5
p   652 362 8   973 481 5
p   435 700 0   312 819 1
p   551 222 1   414 562 2
p   347 462 7   152 602 5
p   997 620 4   493 628 5
p   690 300 2   1001 964 7
p   1005 1017 2   353 943 7
p   152 807 1   210 628 2
p   390 167 6   629 928 0
p   1009 315 0   357 970 2
p   504 282 6   380 946 1
p   641 1011 3   547 792 1
p   486 875 8   539 817 5
p   697 829 0    95  45 8
p   225 517 3   398 356 8
p   108 759 5   599 481 7
p   556 420 4   435 565 2
p   1000 880 3   544 664 4
p   176 659 6   601 533 4
p   1001 100 8     1 776 4
p   544  52 9   185 846 9
p   908 651 1   606 692 9
p   702 165 0   826 360 3
p   358 945 8   809 497 9
p   592 909 9   616 607 9
p    31 551 1   838 958 5
p   306 922 1   807  42 7
p   781 810 6   186 842 2
p   848 641 8   550  13 9
p   580 457 4   579 800 3
p   438 195 4   795  43 8
p   163 167 2   758 702 8
p   193 925 1   164 431 3
p   778 691 0   112 537 1
p   575 735 6     9 958 2
p   468 537 9   316 673 8
p   578 228 2   133 749 4
p   337 940 1   129 635 3
p   388 603 6    19 100 0
p    34 216 9    78 197 5
p   387 681 2   705  76 3
p   437 628 0    32 117 6
p   450 709 4     7 251 9
p   852 769 3   738 283 0
p   400 709 2   1012 323 6
p   107  90 8   612 108 3
p   643 823 4   469 896 5
p   789 561 6   826 853 1
p   721 730 4   310 211 9
p   702 944 6   317 801 8
p   835 557 4   839 723 0
p   777 837 5   227 463 4
p   845 507 8   434 181 4
p   818 624 9   726 713 9
p   736 557 8   942 948 2
p   511 653 0   423 619 8
p    43 328 3   167 333 9
p   502  74 7   1009 943 6
p   412 840 5   182 680 4
p   715 210 2   311 297 7
p   359 681 0    25 479 9
p    48  87 9   318  75 0
p    82 229 5    35 860 9
p   341 849 6    24 848 9
p   751 745 4   875  26 3
p   848 174 1    53  29 8
p   788 556 8   155 1008 7
p   838 263 0   627 767 9
p   152 229 6   834 304 3
p   713  79 4   274  34 3
p   304 916 5   238 314 5
p   1012 280 3   114  78 1
p   665 701 8   846 280 3
p   967 536 6   718 944 4
p   793 455 3   754 628 3
p   601 107 9    32  73 6
p   803 956 4   963 514 0
p   302 507 8    61 555 5
p   886 379 4   680 231 6
p   460 246 2   606 694 2
p   395 989 3   605 467 4
p   236 382 8   464 1020 9
p   265 133 7    37 200 2
p   243 469 9   498 328 1
p   515   3 2   551 886 3
p   340 317 8   526 920 6
p   262 396 0    59 951 5
p   841 233 5   552 130 8
p   962 943 1   598 962 9
p   508 907 8   899 694 9
p   697 122 2   225 158 5
p   313 302 3   138 489 8
p   524 781 3   1015 356 3
p   694 716 3   418 216 6
p   261 534 0   493 885 4
p   611 178 0   258 180 8
p   279 989 7   867 105 4
p   338 210 9   802 168 6
p   843 393 8   547 754 8
p    99 796 4   864 139 3
p   547 668 3   695 953 3
p    69 371 0   150 680 2
p   130 933 1   349 513 8
p   773 604 9   526 199 4
p   381 404 4   841 559 7
p   962 123 7   810 636 7
p   323  99 1   854 506 1
p   470 538 4    26 191 6
p   348 795 3   807 578 3
p   309 414 0   799 940 6
p   603 804 0   764 702 1
p   578 822 2    81 105 3
p   393 854 4   782 241 6
p   999 423 8    57  79 0
p   880 851 7   901 309 7
p   904 615 7   853 670 7
p   916 219 2   631 902 8
p   836 159 2   958 742 7
p   864 695 2   903 338 9
p   663 199 8   813 903 6
p   148  75 1   541 495 5
p   455 732 5   665 876 0
p   869 243 9   468 426 9
p   569  45 8   281 411 1
p   1018 657 9   634 884 8
p   980 778 9   682 758 9
p   965 1002 0   598 983 6
p   196 157 3   540 418 3
p    90 659 3   523  53 9
p   301 727 8   173 382 3
p   175 672 7   665 754 0
p   425 509 9   464 552 5
p   182   0 8   953  17 1
p   901 584 0   534 823 2
p   435 755 3     4 291 5
p   704 425 3   721 998 8
p   505 130 6   215 232 6
p   228 729 5   443 822 4
p   738 634 7   913 218 6
p     4 221 7   314 222 5
p   908 553 2   300 132 3
p    51 669 5   113  48 1
p   881 986 3   451 195 7
p   521  12 2     8 448 8
p   901 617 9   933 522 3
p   322 170 5   485  10 0
p   222 266 4   923 945 2
p   694 569 9   309 454 5
p   429 428 2   759 833 6
p   576 901 8    20 695 0
p   416 205 2   446  46 7
p   503 893 2   990 986 3
p   158 128 0    43 889 3
p   478 446 8   410 365 6
p   392 673 4   581 412 2
p   966 602 6   293 651 5
p   595 552 2   670  82 3
p   310 444 0   209 874 7
p    13 621 5    99 759 3
p   391 374 6   853 862 3
p   919  60 6   717 978 4
p   424 642 3   991 356 1
p   347 260 9   909 751 2
p   288 155 5   226 107 9
p   275 641 1   291 141 2
p     9 370 9   640 971 4
p    60 157 4   233  93 2
p   479 430 7   963 556 0
p   120 413 0   556 726 2
p   534 1002 1   951 424 8
p   382 940 8   850 337 2
p   100 798 4   476  97 0
p   861 572 1   193 368 2
p   139   7 9   454 677 5
p   718 912 3   672  15 2
p    26 454 8   914 686 8
p   484  84 4   735 230 1
p   1008 457 6   1016 714 4
p   553 508 4   581 316 1
p   986 925 6   451 911 4
p   658 947 1   784 956 4
p   574 338 9   343 249 3
p    99 163 0   728 340 0
p   707 306 8   939 599 9
p   945 402 7    20 647 9
p   583 304 5   391 302 4
p   230 485 2    18  22 4
p   305  40 8   100 315 8
p   752 438 7   265 431 8
p   319 823 4   720 183 4
p   137 576 1   965 944 2
p   324   4 9   590 325 9
p   272 667 4   123 263 7
p   237 321 1    38  53 1
p    97 703 8   507 313 5
p   733 646 1   791 920 5
p   711 595 1   393 987 0
